%  columns="iteration, evaluation, sigma, max axis length, min axis length, all principal axes lengths (sorted square roots of eigenvalues of C)" (startseed=212885, 2020/04/13 16:28:47.85)
1 11 5.099808e+00 9.683661e-01 2.633928e-01 2.633928e-01 3.470271e-01 3.804002e-01 4.555511e-01 5.164494e-01 9.683661e-01 
2 21 4.698028e+00 8.898245e-01 2.601399e-01 2.601399e-01 3.509157e-01 3.807778e-01 4.495595e-01 5.268741e-01 8.898245e-01 
3 31 5.436685e+00 8.498655e-01 2.685222e-01 2.685222e-01 3.443794e-01 3.903424e-01 4.519802e-01 5.655555e-01 8.498655e-01 
4 41 6.223011e+00 8.431544e-01 2.610060e-01 2.610060e-01 3.658656e-01 3.812021e-01 4.859688e-01 5.714587e-01 8.431544e-01 
5 51 5.811294e+00 8.514323e-01 2.586492e-01 2.586492e-01 3.574368e-01 3.681246e-01 4.885609e-01 5.600684e-01 8.514323e-01 
6 61 5.336001e+00 7.906482e-01 2.532811e-01 2.532811e-01 3.517201e-01 3.709991e-01 4.726090e-01 5.592549e-01 7.906482e-01 
7 71 5.072743e+00 7.493276e-01 2.523667e-01 2.523667e-01 3.538330e-01 3.638736e-01 4.627402e-01 5.431921e-01 7.493276e-01 
8 81 4.308843e+00 7.093515e-01 2.515888e-01 2.515888e-01 3.395163e-01 3.525620e-01 4.516194e-01 5.369359e-01 7.093515e-01 
9 91 4.344063e+00 6.902763e-01 2.663920e-01 2.663920e-01 3.269224e-01 3.419383e-01 4.385975e-01 5.298880e-01 6.902763e-01 
10 101 3.761643e+00 6.526641e-01 2.599580e-01 2.599580e-01 3.133781e-01 3.313043e-01 4.306414e-01 5.249941e-01 6.526641e-01 
11 111 3.440511e+00 6.307103e-01 2.630153e-01 2.630153e-01 3.000742e-01 3.339563e-01 4.225200e-01 5.098377e-01 6.307103e-01 
12 121 3.281436e+00 6.533183e-01 2.559514e-01 2.559514e-01 2.705987e-01 3.370883e-01 4.107352e-01 5.142951e-01 6.533183e-01 
13 131 3.079114e+00 6.427230e-01 2.499994e-01 2.499994e-01 2.693406e-01 3.275759e-01 4.237664e-01 4.911056e-01 6.427230e-01 
14 141 2.953924e+00 6.470870e-01 2.409417e-01 2.409417e-01 2.589315e-01 3.295908e-01 4.292847e-01 4.909649e-01 6.470870e-01 
15 151 2.849548e+00 6.371462e-01 2.344869e-01 2.344869e-01 2.496172e-01 3.175989e-01 4.648359e-01 5.090725e-01 6.371462e-01 
16 161 2.816984e+00 6.438064e-01 2.351066e-01 2.351066e-01 2.442442e-01 3.069918e-01 4.627384e-01 4.891567e-01 6.438064e-01 
17 171 2.552812e+00 6.197274e-01 2.277244e-01 2.277244e-01 2.426161e-01 3.121377e-01 4.418854e-01 4.872672e-01 6.197274e-01 
18 181 2.368804e+00 6.376785e-01 2.099464e-01 2.099464e-01 2.480879e-01 3.073105e-01 4.243950e-01 4.825164e-01 6.376785e-01 
19 191 1.982481e+00 6.304469e-01 2.010185e-01 2.010185e-01 2.361294e-01 2.974602e-01 4.144121e-01 4.795337e-01 6.304469e-01 
20 201 1.598573e+00 6.163003e-01 1.916726e-01 1.916726e-01 2.299775e-01 2.856684e-01 3.931121e-01 4.610723e-01 6.163003e-01 
21 211 1.553800e+00 6.279615e-01 1.868918e-01 1.868918e-01 2.280614e-01 2.733115e-01 3.889146e-01 4.731179e-01 6.279615e-01 
22 221 1.578083e+00 6.217852e-01 1.791453e-01 1.791453e-01 2.339921e-01 2.803754e-01 3.844908e-01 4.723869e-01 6.217852e-01 
23 231 1.236508e+00 6.095968e-01 1.700742e-01 1.700742e-01 2.304587e-01 2.848222e-01 3.913162e-01 4.527149e-01 6.095968e-01 
24 241 1.084805e+00 6.063338e-01 1.629655e-01 1.629655e-01 2.231542e-01 2.805402e-01 3.823460e-01 4.575949e-01 6.063338e-01 
25 251 1.163398e+00 5.894705e-01 1.561066e-01 1.561066e-01 2.324963e-01 2.871157e-01 3.761767e-01 4.944594e-01 5.894705e-01 
26 261 1.262800e+00 6.296974e-01 1.530144e-01 1.530144e-01 2.348157e-01 2.858852e-01 3.749248e-01 4.915803e-01 6.296974e-01 
27 271 1.174010e+00 6.181793e-01 1.480746e-01 1.480746e-01 2.347863e-01 2.843845e-01 3.666443e-01 4.878293e-01 6.181793e-01 
28 281 1.157344e+00 6.152416e-01 1.371624e-01 1.371624e-01 2.219412e-01 2.783739e-01 3.616814e-01 5.015955e-01 6.152416e-01 
29 291 9.811398e-01 5.952193e-01 1.317451e-01 1.317451e-01 2.159624e-01 2.738943e-01 3.509176e-01 5.004437e-01 5.952193e-01 
30 301 8.942049e-01 5.830213e-01 1.276730e-01 1.276730e-01 2.173647e-01 2.629447e-01 3.509608e-01 5.043691e-01 5.830213e-01 
31 311 7.915265e-01 5.725862e-01 1.213764e-01 1.213764e-01 2.111641e-01 2.691438e-01 3.407672e-01 4.928971e-01 5.725862e-01 
32 321 6.927219e-01 5.806498e-01 1.169486e-01 1.169486e-01 2.037033e-01 2.678142e-01 3.330940e-01 4.970852e-01 5.806498e-01 
33 331 6.186303e-01 5.779759e-01 1.082820e-01 1.082820e-01 2.037711e-01 2.642025e-01 3.288378e-01 4.779210e-01 5.779759e-01 
34 341 5.936682e-01 5.673581e-01 9.929411e-02 9.929411e-02 2.160114e-01 2.542897e-01 3.221981e-01 4.643757e-01 5.673581e-01 
35 351 5.542512e-01 5.588544e-01 9.414137e-02 9.414137e-02 2.116459e-01 2.494328e-01 3.267852e-01 4.554906e-01 5.588544e-01 
36 361 6.206003e-01 6.060221e-01 8.781295e-02 8.781295e-02 2.282444e-01 2.459456e-01 3.234861e-01 4.411896e-01 6.060221e-01 
37 371 5.710485e-01 6.076266e-01 8.378468e-02 8.378468e-02 2.247692e-01 2.357646e-01 3.164156e-01 4.391478e-01 6.076266e-01 
38 381 4.557654e-01 6.279898e-01 8.006764e-02 8.006764e-02 2.177890e-01 2.271183e-01 3.088342e-01 4.281063e-01 6.279898e-01 
39 391 3.965457e-01 6.221482e-01 7.562275e-02 7.562275e-02 2.086312e-01 2.269311e-01 2.984195e-01 4.214907e-01 6.221482e-01 
40 401 3.295508e-01 6.374243e-01 7.049764e-02 7.049764e-02 2.031077e-01 2.206273e-01 2.937313e-01 4.119794e-01 6.374243e-01 
41 411 2.971185e-01 6.113051e-01 6.713898e-02 6.713898e-02 2.026986e-01 2.214710e-01 2.834528e-01 4.022876e-01 6.113051e-01 
42 421 3.093366e-01 5.999914e-01 6.235276e-02 6.235276e-02 1.924836e-01 2.413942e-01 2.781126e-01 4.015603e-01 5.999914e-01 
43 431 3.155226e-01 5.854046e-01 5.907023e-02 5.907023e-02 1.896780e-01 2.456912e-01 2.703264e-01 3.982746e-01 5.854046e-01 
44 441 3.094833e-01 5.788087e-01 5.554252e-02 5.554252e-02 1.880085e-01 2.486987e-01 2.707008e-01 3.916996e-01 5.788087e-01 
45 451 3.072014e-01 5.738585e-01 5.236794e-02 5.236794e-02 1.816054e-01 2.411915e-01 2.810643e-01 3.907004e-01 5.738585e-01 
46 461 2.959148e-01 5.668006e-01 4.989064e-02 4.989064e-02 1.794296e-01 2.445713e-01 2.760750e-01 3.800467e-01 5.668006e-01 
47 471 2.579750e-01 5.631420e-01 4.682731e-02 4.682731e-02 1.807390e-01 2.445674e-01 2.762590e-01 3.684661e-01 5.631420e-01 
48 481 2.405283e-01 5.485224e-01 4.351249e-02 4.351249e-02 1.809713e-01 2.444808e-01 2.651126e-01 3.654627e-01 5.485224e-01 
49 491 2.628080e-01 6.184491e-01 4.164244e-02 4.164244e-02 1.746088e-01 2.428170e-01 2.670242e-01 3.542002e-01 6.184491e-01 
50 501 2.649109e-01 6.328265e-01 3.968276e-02 3.968276e-02 1.741711e-01 2.397329e-01 2.573072e-01 3.427991e-01 6.328265e-01 
51 511 2.481669e-01 6.227075e-01 3.789784e-02 3.789784e-02 1.739711e-01 2.341932e-01 2.489299e-01 3.337383e-01 6.227075e-01 
52 521 2.108786e-01 5.942917e-01 3.520989e-02 3.520989e-02 1.693506e-01 2.323833e-01 2.402218e-01 3.227991e-01 5.942917e-01 
53 531 2.182633e-01 5.785459e-01 3.311276e-02 3.311276e-02 1.790092e-01 2.305255e-01 2.342602e-01 3.211616e-01 5.785459e-01 
54 541 2.433938e-01 5.832500e-01 3.149559e-02 3.149559e-02 1.884161e-01 2.240553e-01 2.312345e-01 3.599678e-01 5.832500e-01 
55 551 2.391243e-01 5.664147e-01 2.983754e-02 2.983754e-02 1.890630e-01 2.157234e-01 2.320903e-01 3.533687e-01 5.664147e-01 
56 561 2.701883e-01 5.483559e-01 2.737537e-02 2.737537e-02 1.817662e-01 2.142205e-01 2.295228e-01 3.937929e-01 5.483559e-01 
57 571 3.071979e-01 5.279795e-01 2.565049e-02 2.565049e-02 1.740582e-01 2.048650e-01 2.233185e-01 4.641287e-01 5.279795e-01 
58 581 3.031153e-01 5.009987e-01 2.433339e-02 2.433339e-02 1.802647e-01 1.992479e-01 2.216445e-01 4.692769e-01 5.009987e-01 
59 591 2.810016e-01 4.883735e-01 2.261569e-02 2.261569e-02 1.795228e-01 1.953310e-01 2.186359e-01 4.663670e-01 4.883735e-01 
60 601 2.839118e-01 4.747547e-01 2.181600e-02 2.181600e-02 1.797820e-01 2.002990e-01 2.189491e-01 4.595262e-01 4.747547e-01 
61 611 2.920706e-01 5.094347e-01 2.093517e-02 2.093517e-02 1.795766e-01 1.911850e-01 2.131146e-01 4.477710e-01 5.094347e-01 
62 621 2.790422e-01 4.882904e-01 2.009483e-02 2.009483e-02 1.718916e-01 1.953872e-01 2.225568e-01 4.292142e-01 4.882904e-01 
63 631 2.858515e-01 4.745184e-01 1.946289e-02 1.946289e-02 1.643483e-01 1.932798e-01 2.205870e-01 4.657506e-01 4.745184e-01 
64 641 3.157636e-01 5.037755e-01 2.053664e-02 2.053664e-02 1.587399e-01 1.919713e-01 2.146372e-01 4.603269e-01 5.037755e-01 
65 651 3.812702e-01 5.427783e-01 2.020264e-02 2.020264e-02 1.548348e-01 1.970394e-01 2.300991e-01 4.591851e-01 5.427783e-01 
66 661 4.628372e-01 6.373164e-01 1.991760e-02 1.991760e-02 1.498077e-01 1.869999e-01 2.223539e-01 4.500297e-01 6.373164e-01 
67 671 5.232235e-01 6.378222e-01 1.964367e-02 1.964367e-02 1.488643e-01 1.988302e-01 2.184543e-01 4.291856e-01 6.378222e-01 
68 681 4.863314e-01 6.164080e-01 1.850342e-02 1.850342e-02 1.418051e-01 1.925310e-01 2.073699e-01 4.144648e-01 6.164080e-01 
69 691 4.674073e-01 6.084220e-01 1.784594e-02 1.784594e-02 1.397917e-01 1.858550e-01 2.092035e-01 3.959962e-01 6.084220e-01 
70 701 4.249392e-01 5.957458e-01 1.703851e-02 1.703851e-02 1.357964e-01 1.816195e-01 2.090561e-01 3.910235e-01 5.957458e-01 
71 711 3.750701e-01 5.617274e-01 1.621050e-02 1.621050e-02 1.328428e-01 1.770456e-01 1.973508e-01 3.780552e-01 5.617274e-01 
72 721 3.552216e-01 5.440887e-01 1.564631e-02 1.564631e-02 1.275212e-01 1.711991e-01 1.874498e-01 3.786264e-01 5.440887e-01 
73 731 3.251541e-01 5.015446e-01 1.510388e-02 1.510388e-02 1.286394e-01 1.640937e-01 1.781124e-01 3.666130e-01 5.015446e-01 
74 741 3.526367e-01 4.708132e-01 1.585231e-02 1.585231e-02 1.254370e-01 1.660045e-01 1.843533e-01 3.656704e-01 4.708132e-01 
75 751 4.142637e-01 4.725716e-01 1.605405e-02 1.605405e-02 1.219939e-01 1.667137e-01 2.116417e-01 3.550431e-01 4.725716e-01 
76 761 4.394043e-01 4.555918e-01 1.632514e-02 1.632514e-02 1.188940e-01 1.601034e-01 2.070559e-01 3.603993e-01 4.555918e-01 
77 771 4.604579e-01 4.248051e-01 1.539905e-02 1.539905e-02 1.190514e-01 1.614972e-01 2.175739e-01 3.466305e-01 4.248051e-01 
78 781 5.001966e-01 4.162759e-01 1.502142e-02 1.502142e-02 1.184591e-01 1.576242e-01 2.136459e-01 3.601625e-01 4.162759e-01 
79 791 4.563130e-01 3.968197e-01 1.490628e-02 1.490628e-02 1.177231e-01 1.538012e-01 2.088218e-01 3.432920e-01 3.968197e-01 
80 801 4.323646e-01 3.941847e-01 1.418128e-02 1.418128e-02 1.157586e-01 1.470606e-01 1.997438e-01 3.354617e-01 3.941847e-01 
81 811 4.465990e-01 3.806182e-01 1.450810e-02 1.450810e-02 1.163300e-01 1.401915e-01 2.023915e-01 3.345197e-01 3.806182e-01 
82 821 4.301516e-01 3.925044e-01 1.377797e-02 1.377797e-02 1.149323e-01 1.311868e-01 2.058594e-01 3.055111e-01 3.925044e-01 
83 831 4.579020e-01 4.048128e-01 1.441639e-02 1.441639e-02 1.129506e-01 1.335277e-01 1.950350e-01 2.986883e-01 4.048128e-01 
84 841 4.920417e-01 4.067654e-01 1.388276e-02 1.388276e-02 1.149753e-01 1.324724e-01 1.923279e-01 2.963788e-01 4.067654e-01 
85 851 5.181527e-01 4.136559e-01 1.356785e-02 1.356785e-02 1.128705e-01 1.300800e-01 1.941945e-01 2.905435e-01 4.136559e-01 
86 861 5.179073e-01 4.003906e-01 1.431935e-02 1.431935e-02 1.123847e-01 1.265115e-01 1.936833e-01 2.777708e-01 4.003906e-01 
87 871 4.682894e-01 3.828898e-01 1.360387e-02 1.360387e-02 1.144865e-01 1.228890e-01 1.839746e-01 2.699283e-01 3.828898e-01 
88 881 4.372006e-01 3.801224e-01 1.402064e-02 1.402064e-02 1.097616e-01 1.191654e-01 1.784213e-01 2.612937e-01 3.801224e-01 
89 891 3.792846e-01 3.642939e-01 1.363502e-02 1.363502e-02 1.068848e-01 1.180271e-01 1.691986e-01 2.513009e-01 3.642939e-01 
90 901 4.744950e-01 3.932512e-01 1.330002e-02 1.330002e-02 1.059874e-01 1.259036e-01 1.671077e-01 2.472091e-01 3.932512e-01 
91 911 4.615806e-01 3.805005e-01 1.298855e-02 1.298855e-02 1.055423e-01 1.233644e-01 1.610220e-01 2.442950e-01 3.805005e-01 
92 921 4.701850e-01 3.740350e-01 1.213834e-02 1.213834e-02 1.041443e-01 1.197325e-01 1.622052e-01 2.426130e-01 3.740350e-01 
93 931 4.734980e-01 3.889762e-01 1.206507e-02 1.206507e-02 1.005189e-01 1.209653e-01 1.578290e-01 2.367559e-01 3.889762e-01 
94 941 4.027145e-01 3.790562e-01 1.153736e-02 1.153736e-02 9.592110e-02 1.169868e-01 1.549277e-01 2.286070e-01 3.790562e-01 
95 951 4.218711e-01 4.043776e-01 1.157129e-02 1.157129e-02 9.352925e-02 1.140183e-01 1.564142e-01 2.174986e-01 4.043776e-01 
96 961 4.228958e-01 4.270777e-01 1.100698e-02 1.100698e-02 8.977358e-02 1.129190e-01 1.527336e-01 2.140960e-01 4.270777e-01 
97 971 4.576082e-01 4.815549e-01 1.050202e-02 1.050202e-02 8.598094e-02 1.103782e-01 1.452155e-01 2.090685e-01 4.815549e-01 
98 981 4.995730e-01 4.861922e-01 1.059441e-02 1.059441e-02 8.229631e-02 1.073232e-01 1.400959e-01 2.113262e-01 4.861922e-01 
99 991 5.810028e-01 5.040429e-01 1.112111e-02 1.112111e-02 8.552722e-02 1.049621e-01 1.337934e-01 2.018196e-01 5.040429e-01 
100 1001 5.810174e-01 4.912712e-01 1.047142e-02 1.047142e-02 8.539021e-02 1.041348e-01 1.322909e-01 2.027739e-01 4.912712e-01 
